A 3 7 9 11 15 16 17 18 19 20 21 25
B 1 2 3 4 6 10 11 12 13 14 16 20 21 22 23 24
C 1 2 3 4 5 6 11 16 21 22 23 24 25
D 1 2 3 4 7 10 12 15 17 20 21 22 23 24
E 1 2 3 4 5 6 11 12 13 14 15 16 21 22 23 24 25
F 1 2 3 4 5 6 11 12 13 14 15 16 21
G 1 2 3 4 5 6 11 14 15 16 20 21 22 23 24 25
H 1 5 6 10 11 12 13 14 15 16 20 21 25
I 1 2 3 4 5 8 13 18 21 22 23 24 25
J 3 4 5 9 14 16 19 21 22 23 24
K 1 5 6 9 11 12 13 16 19 21 25
L 1 6 11 16 20 21 22 23 24 25
M 1 5 6 7 9 10 11 13 15 16 20 21 25
N 1 5 6 7 10 11 13 15 16 19 20 21 25
O 2 3 4 6 10 11 15 16 20 22 23 24
P 1 2 3 4 6 10 11 12 13 14 16 21
Q 2 3 6 9 11 14 16 19 22 23 24 25
R 1 2 3 4 6 10 11 12 13 14 16 18 21 24
S 1 2 3 4 5 6 11 12 13 14 15 20 21 22 23 24 25
T 1 2 3 4 5 8 13 18 23
U 1 5 6 10 11 15 16 20 22 23 24
V 1 5 6 10 11 15 17 19 23
W 1 5 6 10 11 13 15 16 17 19 20 21 25
X 1 5 7 9 13 17 19 21 25
Y 1 5 7 9 13 18 23
Z 1 2 3 4 5 9 13 17 21 22 23 24 25
 